


Init
11110111
00001000
00110100
11001010
144ms
11010111
00101000
00110100
11001010
6500ms
11110111
00001000
00110100
11001010
144ms
11010111
00101000
00110100
11001010


PowerOn
11011000
00100111
00110100
11001010
93ms
11010111
00101000
00110100
11001010
93ms
11011000
00100111
00110100
11001010
93ms
11010111
00101000
00110100
11001010

Change disk 2
11001110
00110001
00110100
11001010
92ms
11010111
00101000
00110100
11001010
93ms
11100011
00011100
00110100
11001010
93ms
11010111
00101000
00110100
11001010

next
11100000
00011111
00110100
11001010
93ms
11010111
00101000
00110100
11001010

prev
11100001
00011110
00110100
11001010
93ms
11010111
00101000
00110100
11001010

scan
11111010
00000101
00110100
11001010
93ms
11010111
00101000
00110100
11001010

mix
11100000000111110011010011001010
93ms
11010111
00101000
00110100
11001010
93ms
11111001000001100011010011001010
93ms
11010111
00101000
00110100
11001010

play
11111001
00000110
00110100
11001010
93ms
11010111
00101000
00110100
11001010

deInit same as init
11110111
00001000
00110100
11001010
93ms
11010111
00101000
00110100
11001010















